
type : nsf - variable_count : 3 - iterations : 100

it(0) - gen - random - max - min(5, 2)

For each state, its fitness value
1 - 4, 2 - 3, 3 - 5, 4 - 4, 5 - 3, 6 - 2, 7 - 4, 8 - 3

it(0);solutions 8
0.0 0.0 1.0 0.0 0.0 0.0 0.0 0.0 
0.5 0.0 0.0 0.5 0.0 0.0 0.0 0.0 
0.0 0.0 0.0 0.0 0.0 0.0 0.0 0.0 
0.0 0.0 1.0 0.0 0.0 0.0 0.0 0.0 
0.5 0.0 0.0 0.0 0.0 0.0 0.5 0.0 
0.0 0.333 0.0 0.0 0.333 0.0 0.0 0.333 
0.0 0.0 1.0 0.0 0.0 0.0 0.0 0.0 
0.0 0.0 0.0 0.5 0.0 0.0 0.5 0.0 


it(1) - gen - random - max - min(4, 3)

For each state, its fitness value
1 - 3, 2 - 3, 3 - 3, 4 - 4, 5 - 3, 6 - 3, 7 - 3, 8 - 4

it(1);solutions 8
0.0 0.333 0.333 0.0 0.333 0.0 0.0 0.0 
0.0 0.0 0.0 1.0 0.0 0.0 0.0 0.0 
0.0 0.0 0.0 1.0 0.0 0.0 0.0 0.0 
0.0 0.0 0.0 0.0 0.0 0.0 0.0 0.0 
0.333 0.0 0.0 0.0 0.0 0.333 0.333 0.0 
0.0 0.0 0.0 0.0 0.0 0.0 0.0 1.0 
0.0 0.0 0.0 0.0 0.0 0.0 0.0 1.0 
0.0 0.0 0.0 0.0 0.0 0.0 0.0 0.0 


it(2) - gen - random - max - min(4, 1)

For each state, its fitness value
1 - 2, 2 - 1, 3 - 3, 4 - 2, 5 - 3, 6 - 2, 7 - 4, 8 - 3

it(2);solutions 8
0.0 0.0 0.5 0.0 0.5 0.0 0.0 0.0 
0.333 0.0 0.0 0.333 0.0 0.333 0.0 0.0 
0.0 0.0 0.0 0.0 0.0 0.0 1.0 0.0 
0.0 0.0 0.5 0.0 0.0 0.0 0.0 0.5 
0.0 0.0 0.0 0.0 0.0 0.0 1.0 0.0 
0.0 0.0 0.0 0.0 0.5 0.0 0.0 0.5 
0.0 0.0 0.0 0.0 0.0 0.0 0.0 0.0 
0.0 0.0 0.0 0.0 0.0 0.0 1.0 0.0 


it(3) - gen - random - max - min(3, 0)

For each state, its fitness value
1 - 2, 2 - 1, 3 - 1, 4 - 0, 5 - 3, 6 - 2, 7 - 2, 8 - 1

it(3);solutions 8
0.0 0.0 0.0 0.0 1.0 0.0 0.0 0.0 
0.5 0.0 0.0 0.0 0.0 0.5 0.0 0.0 
0.5 0.0 0.0 0.0 0.0 0.0 0.5 0.0 
0.0 0.333 0.333 0.0 0.0 0.0 0.0 0.333 
0.0 0.0 0.0 0.0 0.0 0.0 0.0 0.0 
0.0 0.0 0.0 0.0 1.0 0.0 0.0 0.0 
0.0 0.0 0.0 0.0 1.0 0.0 0.0 0.0 
0.0 0.0 0.0 0.0 0.0 0.5 0.5 0.0 


it(4) - gen - random - max - min(4, 3)

For each state, its fitness value
1 - 4, 2 - 4, 3 - 4, 4 - 4, 5 - 3, 6 - 4, 7 - 3, 8 - 3

it(4);solutions 8
0.0 0.0 0.0 0.0 0.0 0.0 0.0 0.0 
0.0 0.0 0.0 0.0 0.0 0.0 0.0 0.0 
0.0 0.0 0.0 0.0 0.0 0.0 0.0 0.0 
0.0 0.0 0.0 0.0 0.0 0.0 0.0 0.0 
0.5 0.0 0.0 0.0 0.0 0.5 0.0 0.0 
0.0 0.0 0.0 0.0 0.0 0.0 0.0 0.0 
0.0 0.0 1.0 0.0 0.0 0.0 0.0 0.0 
0.0 0.0 0.0 0.5 0.0 0.5 0.0 0.0 


it(5) - gen - random - max - min(5, 3)

For each state, its fitness value
1 - 4, 2 - 5, 3 - 3, 4 - 4, 5 - 5, 6 - 4, 7 - 4, 8 - 4

it(5);solutions 8
0.0 0.5 0.0 0.0 0.5 0.0 0.0 0.0 
0.0 0.0 0.0 0.0 0.0 0.0 0.0 0.0 
0.333 0.0 0.0 0.333 0.0 0.0 0.333 0.0 
0.0 1.0 0.0 0.0 0.0 0.0 0.0 0.0 
0.0 0.0 0.0 0.0 0.0 0.0 0.0 0.0 
0.0 0.5 0.0 0.0 0.5 0.0 0.0 0.0 
0.0 0.0 0.0 0.0 1.0 0.0 0.0 0.0 
0.0 0.0 0.0 0.333 0.0 0.333 0.333 0.0 


it(6) - gen - random - max - min(4, 2)

For each state, its fitness value
1 - 2, 2 - 3, 3 - 3, 4 - 4, 5 - 2, 6 - 2, 7 - 3, 8 - 3

it(6);solutions 8
0.0 0.5 0.5 0.0 0.0 0.0 0.0 0.0 
0.0 0.0 0.0 1.0 0.0 0.0 0.0 0.0 
0.0 0.0 0.0 1.0 0.0 0.0 0.0 0.0 
0.0 0.0 0.0 0.0 0.0 0.0 0.0 0.0 
0.0 0.0 0.0 0.0 0.0 0.0 1.0 0.0 
0.0 0.5 0.0 0.0 0.0 0.0 0.0 0.5 
0.0 0.0 0.5 0.0 0.0 0.0 0.0 0.5 
0.0 0.0 0.0 1.0 0.0 0.0 0.0 0.0 


it(7) - gen - random - max - min(3, 2)

For each state, its fitness value
1 - 3, 2 - 2, 3 - 3, 4 - 3, 5 - 2, 6 - 2, 7 - 2, 8 - 2

it(7);solutions 8
0.0 0.0 0.0 0.0 0.0 0.0 0.0 0.0 
0.5 0.0 0.0 0.5 0.0 0.0 0.0 0.0 
0.0 0.0 0.0 0.0 0.0 0.0 0.0 0.0 
0.0 0.0 0.0 0.0 0.0 0.0 0.0 0.0 
1.0 0.0 0.0 0.0 0.0 0.0 0.0 0.0 
0.0 0.333 0.0 0.0 0.333 0.0 0.0 0.333 
0.0 0.0 1.0 0.0 0.0 0.0 0.0 0.0 
0.0 0.0 0.0 1.0 0.0 0.0 0.0 0.0 


it(8) - gen - random - max - min(3, 1)

For each state, its fitness value
1 - 1, 2 - 2, 3 - 1, 4 - 2, 5 - 2, 6 - 3, 7 - 2, 8 - 3

it(8);solutions 8
0.0 0.5 0.0 0.0 0.5 0.0 0.0 0.0 
0.0 0.0 0.0 0.0 0.0 1.0 0.0 0.0 
0.0 0.0 0.0 0.5 0.0 0.0 0.5 0.0 
0.0 0.0 0.0 0.0 0.0 0.0 0.0 1.0 
0.0 0.0 0.0 0.0 0.0 1.0 0.0 0.0 
0.0 0.0 0.0 0.0 0.0 0.0 0.0 0.0 
0.0 0.0 0.0 0.0 0.0 0.0 0.0 1.0 
0.0 0.0 0.0 0.0 0.0 0.0 0.0 0.0 


it(9) - gen - random - max - min(5, 3)

For each state, its fitness value
1 - 4, 2 - 3, 3 - 5, 4 - 4, 5 - 5, 6 - 4, 7 - 5, 8 - 5

it(9);solutions 8
0.0 0.0 0.5 0.0 0.5 0.0 0.0 0.0 
0.333 0.0 0.0 0.333 0.0 0.333 0.0 0.0 
0.0 0.0 0.0 0.0 0.0 0.0 0.0 0.0 
0.0 0.0 0.5 0.0 0.0 0.0 0.0 0.5 
0.0 0.0 0.0 0.0 0.0 0.0 0.0 0.0 
0.0 0.0 0.0 0.0 0.5 0.0 0.0 0.5 
0.0 0.0 0.0 0.0 0.0 0.0 0.0 0.0 
0.0 0.0 0.0 0.0 0.0 0.0 0.0 0.0 


it(10) - gen - random - max - min(4, 2)

For each state, its fitness value
1 - 3, 2 - 2, 3 - 3, 4 - 3, 5 - 4, 6 - 3, 7 - 3, 8 - 3

it(10);solutions 8
0.0 0.0 0.0 0.0 1.0 0.0 0.0 0.0 
0.333 0.0 0.0 0.333 0.0 0.333 0.0 0.0 
0.333 0.0 0.0 0.333 0.0 0.0 0.333 0.0 
0.0 0.0 0.5 0.0 0.0 0.0 0.0 0.5 
0.0 0.0 0.0 0.0 0.0 0.0 0.0 0.0 
0.0 0.0 0.0 0.0 1.0 0.0 0.0 0.0 
0.0 0.0 0.0 0.0 1.0 0.0 0.0 0.0 
0.0 0.0 0.0 0.333 0.0 0.333 0.333 0.0 


it(11) - gen - random - max - min(3, 1)

For each state, its fitness value
1 - 1, 2 - 1, 3 - 2, 4 - 1, 5 - 2, 6 - 2, 7 - 3, 8 - 2

it(11);solutions 8
0.0 0.0 0.5 0.0 0.5 0.0 0.0 0.0 
0.0 0.0 0.0 0.0 0.0 1.0 0.0 0.0 
0.0 0.0 0.0 0.0 0.0 0.0 1.0 0.0 
0.0 0.0 0.5 0.0 0.0 0.0 0.0 0.5 
0.0 0.0 0.0 0.0 0.0 0.0 1.0 0.0 
0.0 0.0 0.0 0.0 0.5 0.0 0.0 0.5 
0.0 0.0 0.0 0.0 0.0 0.0 0.0 0.0 
0.0 0.0 0.0 0.0 0.0 0.0 1.0 0.0 


it(12) - gen - random - max - min(5, 3)

For each state, its fitness value
1 - 4, 2 - 4, 3 - 4, 4 - 5, 5 - 3, 6 - 3, 7 - 3, 8 - 4

it(12);solutions 8
0.0 0.5 0.5 0.0 0.0 0.0 0.0 0.0 
0.0 0.0 0.0 1.0 0.0 0.0 0.0 0.0 
0.0 0.0 0.0 1.0 0.0 0.0 0.0 0.0 
0.0 0.0 0.0 0.0 0.0 0.0 0.0 0.0 
1.0 0.0 0.0 0.0 0.0 0.0 0.0 0.0 
0.0 0.5 0.0 0.0 0.0 0.0 0.0 0.5 
0.0 0.0 0.5 0.0 0.0 0.0 0.0 0.5 
0.0 0.0 0.0 1.0 0.0 0.0 0.0 0.0 


it(13) - gen - random - max - min(3, 1)

For each state, its fitness value
1 - 2, 2 - 1, 3 - 3, 4 - 2, 5 - 3, 6 - 2, 7 - 2, 8 - 1

it(13);solutions 8
0.0 0.0 0.5 0.0 0.5 0.0 0.0 0.0 
0.333 0.0 0.0 0.333 0.0 0.333 0.0 0.0 
0.0 0.0 0.0 0.0 0.0 0.0 0.0 0.0 
0.0 0.0 1.0 0.0 0.0 0.0 0.0 0.0 
0.0 0.0 0.0 0.0 0.0 0.0 0.0 0.0 
0.0 0.0 0.0 0.0 1.0 0.0 0.0 0.0 
0.0 0.0 0.5 0.0 0.5 0.0 0.0 0.0 
0.0 0.0 0.0 0.333 0.0 0.333 0.333 0.0 


it(14) - gen - random - max - min(3, 2)

For each state, its fitness value
1 - 2, 2 - 2, 3 - 3, 4 - 3, 5 - 3, 6 - 3, 7 - 2, 8 - 2

it(14);solutions 8
0.0 0.0 0.5 0.0 0.5 0.0 0.0 0.0 
0.0 0.0 0.0 0.5 0.0 0.5 0.0 0.0 
0.0 0.0 0.0 0.0 0.0 0.0 0.0 0.0 
0.0 0.0 0.0 0.0 0.0 0.0 0.0 0.0 
0.0 0.0 0.0 0.0 0.0 0.0 0.0 0.0 
0.0 0.0 0.0 0.0 0.0 0.0 0.0 0.0 
0.0 0.0 0.5 0.0 0.5 0.0 0.0 0.0 
0.0 0.0 0.0 0.5 0.0 0.5 0.0 0.0 


it(15) - gen - random - max - min(4, 1)

For each state, its fitness value
1 - 2, 2 - 3, 3 - 3, 4 - 4, 5 - 1, 6 - 2, 7 - 2, 8 - 3

it(15);solutions 8
0.0 0.5 0.5 0.0 0.0 0.0 0.0 0.0 
0.0 0.0 0.0 1.0 0.0 0.0 0.0 0.0 
0.0 0.0 0.0 1.0 0.0 0.0 0.0 0.0 
0.0 0.0 0.0 0.0 0.0 0.0 0.0 0.0 
0.333 0.0 0.0 0.0 0.0 0.333 0.333 0.0 
0.0 0.5 0.0 0.0 0.0 0.0 0.0 0.5 
0.0 0.0 0.5 0.0 0.0 0.0 0.0 0.5 
0.0 0.0 0.0 1.0 0.0 0.0 0.0 0.0 


it(16) - gen - random - max - min(3, 2)

For each state, its fitness value
1 - 2, 2 - 3, 3 - 2, 4 - 2, 5 - 3, 6 - 3, 7 - 2, 8 - 3

it(16);solutions 8
0.0 0.5 0.0 0.0 0.5 0.0 0.0 0.0 
0.0 0.0 0.0 0.0 0.0 0.0 0.0 0.0 
0.333 0.0 0.0 0.333 0.0 0.0 0.333 0.0 
0.0 0.5 0.0 0.0 0.0 0.0 0.0 0.5 
0.0 0.0 0.0 0.0 0.0 0.0 0.0 0.0 
0.0 0.0 0.0 0.0 0.0 0.0 0.0 0.0 
0.0 0.0 0.0 0.0 0.5 0.0 0.0 0.5 
0.0 0.0 0.0 0.0 0.0 0.0 0.0 0.0 


it(17) - gen - random - max - min(4, 1)

For each state, its fitness value
1 - 1, 2 - 2, 3 - 2, 4 - 3, 5 - 2, 6 - 3, 7 - 3, 8 - 4

it(17);solutions 8
0.0 0.333 0.333 0.0 0.333 0.0 0.0 0.0 
0.0 0.0 0.0 0.5 0.0 0.5 0.0 0.0 
0.0 0.0 0.0 0.5 0.0 0.0 0.5 0.0 
0.0 0.0 0.0 0.0 0.0 0.0 0.0 1.0 
0.0 0.0 0.0 0.0 0.0 0.5 0.5 0.0 
0.0 0.0 0.0 0.0 0.0 0.0 0.0 1.0 
0.0 0.0 0.0 0.0 0.0 0.0 0.0 1.0 
0.0 0.0 0.0 0.0 0.0 0.0 0.0 0.0 


it(18) - gen - random - max - min(5, 3)

For each state, its fitness value
1 - 5, 2 - 4, 3 - 4, 4 - 3, 5 - 4, 6 - 4, 7 - 5, 8 - 4

it(18);solutions 8
0.0 0.0 0.0 0.0 0.0 0.0 0.0 0.0 
1.0 0.0 0.0 0.0 0.0 0.0 0.0 0.0 
0.5 0.0 0.0 0.0 0.0 0.0 0.5 0.0 
0.0 0.333 0.333 0.0 0.0 0.0 0.0 0.333 
0.5 0.0 0.0 0.0 0.0 0.0 0.5 0.0 
0.0 0.333 0.0 0.0 0.333 0.0 0.0 0.333 
0.0 0.0 0.0 0.0 0.0 0.0 0.0 0.0 
0.0 0.0 0.0 0.0 0.0 0.0 1.0 0.0 


it(19) - gen - random - max - min(4, 1)

For each state, its fitness value
1 - 1, 2 - 2, 3 - 2, 4 - 3, 5 - 2, 6 - 3, 7 - 3, 8 - 4

it(19);solutions 8
0.0 0.333 0.333 0.0 0.333 0.0 0.0 0.0 
0.0 0.0 0.0 0.5 0.0 0.5 0.0 0.0 
0.0 0.0 0.0 0.5 0.0 0.0 0.5 0.0 
0.0 0.0 0.0 0.0 0.0 0.0 0.0 1.0 
0.0 0.0 0.0 0.0 0.0 0.5 0.5 0.0 
0.0 0.0 0.0 0.0 0.0 0.0 0.0 1.0 
0.0 0.0 0.0 0.0 0.0 0.0 0.0 1.0 
0.0 0.0 0.0 0.0 0.0 0.0 0.0 0.0 


it(20) - gen - random - max - min(5, 3)

For each state, its fitness value
1 - 3, 2 - 4, 3 - 4, 4 - 5, 5 - 3, 6 - 4, 7 - 4, 8 - 5

it(20);solutions 8
0.0 0.5 0.5 0.0 0.0 0.0 0.0 0.0 
0.0 0.0 0.0 1.0 0.0 0.0 0.0 0.0 
0.0 0.0 0.0 1.0 0.0 0.0 0.0 0.0 
0.0 0.0 0.0 0.0 0.0 0.0 0.0 0.0 
0.0 0.0 0.0 0.0 0.0 0.5 0.5 0.0 
0.0 0.0 0.0 0.0 0.0 0.0 0.0 1.0 
0.0 0.0 0.0 0.0 0.0 0.0 0.0 1.0 
0.0 0.0 0.0 0.0 0.0 0.0 0.0 0.0 


it(21) - gen - random - max - min(5, 3)

For each state, its fitness value
1 - 4, 2 - 3, 3 - 4, 4 - 4, 5 - 3, 6 - 4, 7 - 4, 8 - 5

it(21);solutions 8
0.0 0.0 1.0 0.0 0.0 0.0 0.0 0.0 
0.333 0.0 0.0 0.333 0.0 0.333 0.0 0.0 
0.333 0.0 0.0 0.333 0.0 0.0 0.333 0.0 
0.0 0.0 0.0 0.0 0.0 0.0 0.0 1.0 
0.333 0.0 0.0 0.0 0.0 0.333 0.333 0.0 
0.0 0.0 0.0 0.0 0.0 0.0 0.0 1.0 
0.0 0.0 0.0 0.0 0.0 0.0 0.0 1.0 
0.0 0.0 0.0 0.0 0.0 0.0 0.0 0.0 


it(22) - gen - random - max - min(3, 2)

For each state, its fitness value
1 - 2, 2 - 3, 3 - 3, 4 - 3, 5 - 3, 6 - 2, 7 - 2, 8 - 3

it(22);solutions 8
0.0 0.333 0.333 0.0 0.333 0.0 0.0 0.0 
0.0 0.0 0.0 0.0 0.0 0.0 0.0 0.0 
0.0 0.0 0.0 0.0 0.0 0.0 0.0 0.0 
0.0 0.0 0.0 0.0 0.0 0.0 0.0 0.0 
0.0 0.0 0.0 0.0 0.0 0.0 0.0 0.0 
0.0 0.333 0.0 0.0 0.333 0.0 0.0 0.333 
0.0 0.0 0.333 0.0 0.333 0.0 0.0 0.333 
0.0 0.0 0.0 0.0 0.0 0.0 0.0 0.0 


it(23) - gen - random - max - min(5, 3)

For each state, its fitness value
1 - 3, 2 - 4, 3 - 3, 4 - 3, 5 - 4, 6 - 5, 7 - 4, 8 - 4

it(23);solutions 8
0.0 0.5 0.0 0.0 0.5 0.0 0.0 0.0 
0.0 0.0 0.0 0.0 0.0 1.0 0.0 0.0 
0.0 0.0 0.0 0.0 0.0 0.0 1.0 0.0 
0.0 0.5 0.0 0.0 0.0 0.0 0.0 0.5 
0.0 0.0 0.0 0.0 0.0 1.0 0.0 0.0 
0.0 0.0 0.0 0.0 0.0 0.0 0.0 0.0 
0.0 0.0 0.0 0.0 0.5 0.0 0.0 0.5 
0.0 0.0 0.0 0.0 0.0 1.0 0.0 0.0 


it(24) - gen - random - max - min(3, 2)

For each state, its fitness value
1 - 3, 2 - 3, 3 - 3, 4 - 2, 5 - 2, 6 - 3, 7 - 2, 8 - 2

it(24);solutions 8
0.0 0.0 0.0 0.0 0.0 0.0 0.0 0.0 
0.0 0.0 0.0 0.0 0.0 0.0 0.0 0.0 
0.0 0.0 0.0 0.0 0.0 0.0 0.0 0.0 
0.0 0.5 0.5 0.0 0.0 0.0 0.0 0.0 
0.5 0.0 0.0 0.0 0.0 0.5 0.0 0.0 
0.0 0.0 0.0 0.0 0.0 0.0 0.0 0.0 
0.0 0.0 1.0 0.0 0.0 0.0 0.0 0.0 
0.0 0.0 0.0 0.0 0.0 1.0 0.0 0.0 


it(25) - gen - random - max - min(3, 2)

For each state, its fitness value
1 - 3, 2 - 3, 3 - 2, 4 - 3, 5 - 2, 6 - 2, 7 - 2, 8 - 2

it(25);solutions 8
0.0 0.0 0.0 0.0 0.0 0.0 0.0 0.0 
0.0 0.0 0.0 0.0 0.0 0.0 0.0 0.0 
0.5 0.0 0.0 0.5 0.0 0.0 0.0 0.0 
0.0 0.0 0.0 0.0 0.0 0.0 0.0 0.0 
1.0 0.0 0.0 0.0 0.0 0.0 0.0 0.0 
0.0 1.0 0.0 0.0 0.0 0.0 0.0 0.0 
0.0 0.0 0.333 0.0 0.333 0.0 0.0 0.333 
0.0 0.0 0.0 1.0 0.0 0.0 0.0 0.0 


it(26) - gen - random - max - min(4, 2)

For each state, its fitness value
1 - 3, 2 - 3, 3 - 2, 4 - 3, 5 - 3, 6 - 4, 7 - 3, 8 - 4

it(26);solutions 8
0.0 0.5 0.0 0.0 0.5 0.0 0.0 0.0 
0.0 0.0 0.0 0.0 0.0 1.0 0.0 0.0 
0.333 0.0 0.0 0.333 0.0 0.0 0.333 0.0 
0.0 0.0 0.0 0.0 0.0 0.0 0.0 1.0 
0.0 0.0 0.0 0.0 0.0 1.0 0.0 0.0 
0.0 0.0 0.0 0.0 0.0 0.0 0.0 0.0 
0.0 0.0 0.0 0.0 0.0 0.0 0.0 1.0 
0.0 0.0 0.0 0.0 0.0 0.0 0.0 0.0 


it(27) - gen - random - max - min(4, 2)

For each state, its fitness value
1 - 2, 2 - 2, 3 - 3, 4 - 3, 5 - 3, 6 - 2, 7 - 4, 8 - 3

it(27);solutions 8
0.0 0.0 0.5 0.0 0.5 0.0 0.0 0.0 
0.0 0.0 0.0 1.0 0.0 0.0 0.0 0.0 
0.0 0.0 0.0 0.0 0.0 0.0 1.0 0.0 
0.0 0.0 0.5 0.0 0.0 0.0 0.0 0.5 
0.0 0.0 0.0 0.0 0.0 0.0 1.0 0.0 
0.0 0.0 0.0 0.0 0.5 0.0 0.0 0.5 
0.0 0.0 0.0 0.0 0.0 0.0 0.0 0.0 
0.0 0.0 0.0 0.0 0.0 0.0 1.0 0.0 


it(28) - gen - random - max - min(4, 3)

For each state, its fitness value
1 - 3, 2 - 3, 3 - 4, 4 - 4, 5 - 3, 6 - 3, 7 - 4, 8 - 3

it(28);solutions 8
0.0 0.0 1.0 0.0 0.0 0.0 0.0 0.0 
0.0 0.0 0.0 1.0 0.0 0.0 0.0 0.0 
0.0 0.0 0.0 0.0 0.0 0.0 0.0 0.0 
0.0 0.0 0.0 0.0 0.0 0.0 0.0 0.0 
0.0 0.0 0.0 0.0 0.0 0.0 1.0 0.0 
0.0 0.333 0.0 0.0 0.333 0.0 0.0 0.333 
0.0 0.0 0.0 0.0 0.0 0.0 0.0 0.0 
0.0 0.0 0.0 0.5 0.0 0.0 0.5 0.0 


it(29) - gen - random - max - min(5, 3)

For each state, its fitness value
1 - 5, 2 - 4, 3 - 5, 4 - 4, 5 - 4, 6 - 4, 7 - 4, 8 - 3

it(29);solutions 8
0.0 0.0 0.0 0.0 0.0 0.0 0.0 0.0 
1.0 0.0 0.0 0.0 0.0 0.0 0.0 0.0 
0.0 0.0 0.0 0.0 0.0 0.0 0.0 0.0 
0.0 0.0 1.0 0.0 0.0 0.0 0.0 0.0 
1.0 0.0 0.0 0.0 0.0 0.0 0.0 0.0 
0.0 0.5 0.0 0.0 0.5 0.0 0.0 0.0 
0.0 0.0 1.0 0.0 0.0 0.0 0.0 0.0 
0.0 0.0 0.0 0.333 0.0 0.333 0.333 0.0 


it(30) - gen - random - max - min(4, 2)

For each state, its fitness value
1 - 3, 2 - 3, 3 - 3, 4 - 4, 5 - 3, 6 - 4, 7 - 2, 8 - 3

it(30);solutions 8
0.0 0.333 0.333 0.0 0.333 0.0 0.0 0.0 
0.0 0.0 0.0 0.5 0.0 0.5 0.0 0.0 
0.0 0.0 0.0 1.0 0.0 0.0 0.0 0.0 
0.0 0.0 0.0 0.0 0.0 0.0 0.0 0.0 
0.0 0.0 0.0 0.0 0.0 1.0 0.0 0.0 
0.0 0.0 0.0 0.0 0.0 0.0 0.0 0.0 
0.0 0.0 0.333 0.0 0.333 0.0 0.0 0.333 
0.0 0.0 0.0 0.5 0.0 0.5 0.0 0.0 


it(31) - gen - random - max - min(3, 2)

For each state, its fitness value
1 - 2, 2 - 3, 3 - 2, 4 - 2, 5 - 2, 6 - 3, 7 - 2, 8 - 3

it(31);solutions 8
0.0 1.0 0.0 0.0 0.0 0.0 0.0 0.0 
0.0 0.0 0.0 0.0 0.0 0.0 0.0 0.0 
0.333 0.0 0.0 0.333 0.0 0.0 0.333 0.0 
0.0 0.5 0.0 0.0 0.0 0.0 0.0 0.5 
0.0 0.0 0.0 0.0 0.0 1.0 0.0 0.0 
0.0 0.0 0.0 0.0 0.0 0.0 0.0 0.0 
0.0 0.0 0.0 0.0 0.0 0.0 0.0 1.0 
0.0 0.0 0.0 0.0 0.0 0.0 0.0 0.0 


it(32) - gen - random - max - min(3, 0)

For each state, its fitness value
1 - 0, 2 - 1, 3 - 1, 4 - 2, 5 - 1, 6 - 2, 7 - 2, 8 - 3

it(32);solutions 8
0.0 0.333 0.333 0.0 0.333 0.0 0.0 0.0 
0.0 0.0 0.0 0.5 0.0 0.5 0.0 0.0 
0.0 0.0 0.0 0.5 0.0 0.0 0.5 0.0 
0.0 0.0 0.0 0.0 0.0 0.0 0.0 1.0 
0.0 0.0 0.0 0.0 0.0 0.5 0.5 0.0 
0.0 0.0 0.0 0.0 0.0 0.0 0.0 1.0 
0.0 0.0 0.0 0.0 0.0 0.0 0.0 1.0 
0.0 0.0 0.0 0.0 0.0 0.0 0.0 0.0 


it(33) - gen - random - max - min(5, 3)

For each state, its fitness value
1 - 3, 2 - 4, 3 - 4, 4 - 5, 5 - 3, 6 - 3, 7 - 3, 8 - 4

it(33);solutions 8
0.0 0.5 0.5 0.0 0.0 0.0 0.0 0.0 
0.0 0.0 0.0 1.0 0.0 0.0 0.0 0.0 
0.0 0.0 0.0 1.0 0.0 0.0 0.0 0.0 
0.0 0.0 0.0 0.0 0.0 0.0 0.0 0.0 
0.333 0.0 0.0 0.0 0.0 0.333 0.333 0.0 
0.0 0.5 0.0 0.0 0.0 0.0 0.0 0.5 
0.0 0.0 0.5 0.0 0.0 0.0 0.0 0.5 
0.0 0.0 0.0 1.0 0.0 0.0 0.0 0.0 


it(34) - gen - random - max - min(5, 3)

For each state, its fitness value
1 - 4, 2 - 4, 3 - 4, 4 - 4, 5 - 5, 6 - 4, 7 - 4, 8 - 3

it(34);solutions 8
0.0 0.0 0.0 0.0 1.0 0.0 0.0 0.0 
0.333 0.0 0.0 0.333 0.0 0.333 0.0 0.0 
0.333 0.0 0.0 0.333 0.0 0.0 0.333 0.0 
0.0 0.5 0.5 0.0 0.0 0.0 0.0 0.0 
0.0 0.0 0.0 0.0 0.0 0.0 0.0 0.0 
0.0 0.0 0.0 0.0 1.0 0.0 0.0 0.0 
0.0 0.0 0.0 0.0 1.0 0.0 0.0 0.0 
0.0 0.0 0.0 0.333 0.0 0.333 0.333 0.0 


it(35) - gen - random - max - min(5, 3)

For each state, its fitness value
1 - 3, 2 - 4, 3 - 3, 4 - 4, 5 - 4, 6 - 5, 7 - 4, 8 - 5

it(35);solutions 8
0.0 0.5 0.0 0.0 0.5 0.0 0.0 0.0 
0.0 0.0 0.0 0.0 0.0 1.0 0.0 0.0 
0.0 0.0 0.0 0.5 0.0 0.0 0.5 0.0 
0.0 0.0 0.0 0.0 0.0 0.0 0.0 1.0 
0.0 0.0 0.0 0.0 0.0 1.0 0.0 0.0 
0.0 0.0 0.0 0.0 0.0 0.0 0.0 0.0 
0.0 0.0 0.0 0.0 0.0 0.0 0.0 1.0 
0.0 0.0 0.0 0.0 0.0 0.0 0.0 0.0 


it(36) - gen - random - max - min(3, 2)

For each state, its fitness value
1 - 3, 2 - 3, 3 - 2, 4 - 2, 5 - 3, 6 - 3, 7 - 3, 8 - 2

it(36);solutions 8
0.0 0.0 0.0 0.0 0.0 0.0 0.0 0.0 
0.0 0.0 0.0 0.0 0.0 0.0 0.0 0.0 
0.5 0.0 0.0 0.0 0.0 0.0 0.5 0.0 
0.0 1.0 0.0 0.0 0.0 0.0 0.0 0.0 
0.0 0.0 0.0 0.0 0.0 0.0 0.0 0.0 
0.0 0.0 0.0 0.0 0.0 0.0 0.0 0.0 
0.0 0.0 0.0 0.0 0.0 0.0 0.0 0.0 
0.0 0.0 0.0 0.0 0.0 0.5 0.5 0.0 


it(37) - gen - random - max - min(4, 3)

For each state, its fitness value
1 - 4, 2 - 4, 3 - 3, 4 - 3, 5 - 3, 6 - 4, 7 - 3, 8 - 4

it(37);solutions 8
0.0 0.0 0.0 0.0 0.0 0.0 0.0 0.0 
0.0 0.0 0.0 0.0 0.0 0.0 0.0 0.0 
1.0 0.0 0.0 0.0 0.0 0.0 0.0 0.0 
0.0 0.5 0.0 0.0 0.0 0.0 0.0 0.5 
0.5 0.0 0.0 0.0 0.0 0.5 0.0 0.0 
0.0 0.0 0.0 0.0 0.0 0.0 0.0 0.0 
0.0 0.0 0.0 0.0 0.0 0.0 0.0 1.0 
0.0 0.0 0.0 0.0 0.0 0.0 0.0 0.0 


it(38) - gen - random - max - min(4, 2)

For each state, its fitness value
1 - 4, 2 - 3, 3 - 3, 4 - 2, 5 - 4, 6 - 3, 7 - 3, 8 - 2

it(38);solutions 8
0.0 0.0 0.0 0.0 0.0 0.0 0.0 0.0 
1.0 0.0 0.0 0.0 0.0 0.0 0.0 0.0 
1.0 0.0 0.0 0.0 0.0 0.0 0.0 0.0 
0.0 0.5 0.5 0.0 0.0 0.0 0.0 0.0 
0.0 0.0 0.0 0.0 0.0 0.0 0.0 0.0 
0.0 0.0 0.0 0.0 1.0 0.0 0.0 0.0 
0.0 0.0 0.0 0.0 1.0 0.0 0.0 0.0 
0.0 0.0 0.0 0.0 0.0 0.5 0.5 0.0 


it(39) - gen - random - max - min(3, 1)

For each state, its fitness value
1 - 3, 2 - 2, 3 - 2, 4 - 2, 5 - 2, 6 - 3, 7 - 1, 8 - 2

it(39);solutions 8
0.0 0.0 0.0 0.0 0.0 0.0 0.0 0.0 
0.5 0.0 0.0 0.0 0.0 0.5 0.0 0.0 
1.0 0.0 0.0 0.0 0.0 0.0 0.0 0.0 
0.0 0.333 0.333 0.0 0.0 0.0 0.0 0.333 
0.5 0.0 0.0 0.0 0.0 0.5 0.0 0.0 
0.0 0.0 0.0 0.0 0.0 0.0 0.0 0.0 
0.0 0.0 0.333 0.0 0.333 0.0 0.0 0.333 
0.0 0.0 0.0 0.0 0.0 1.0 0.0 0.0 


it(40) - gen - random - max - min(5, 3)

For each state, its fitness value
1 - 5, 2 - 4, 3 - 4, 4 - 4, 5 - 5, 6 - 4, 7 - 4, 8 - 3

it(40);solutions 8
0.0 0.0 0.0 0.0 0.0 0.0 0.0 0.0 
1.0 0.0 0.0 0.0 0.0 0.0 0.0 0.0 
1.0 0.0 0.0 0.0 0.0 0.0 0.0 0.0 
0.0 0.5 0.5 0.0 0.0 0.0 0.0 0.0 
0.0 0.0 0.0 0.0 0.0 0.0 0.0 0.0 
0.0 0.0 0.0 0.0 1.0 0.0 0.0 0.0 
0.0 0.0 0.0 0.0 1.0 0.0 0.0 0.0 
0.0 0.0 0.0 0.333 0.0 0.333 0.333 0.0 


it(41) - gen - random - max - min(3, 2)

For each state, its fitness value
1 - 3, 2 - 2, 3 - 3, 4 - 2, 5 - 2, 6 - 2, 7 - 3, 8 - 3

it(41);solutions 8
0.0 0.0 0.0 0.0 0.0 0.0 0.0 0.0 
1.0 0.0 0.0 0.0 0.0 0.0 0.0 0.0 
0.0 0.0 0.0 0.0 0.0 0.0 0.0 0.0 
0.0 0.0 0.5 0.0 0.0 0.0 0.0 0.5 
0.5 0.0 0.0 0.0 0.0 0.0 0.5 0.0 
0.0 0.0 0.0 0.0 0.0 0.0 0.0 1.0 
0.0 0.0 0.0 0.0 0.0 0.0 0.0 0.0 
0.0 0.0 0.0 0.0 0.0 0.0 0.0 0.0 


it(42) - gen - random - max - min(5, 3)

For each state, its fitness value
1 - 4, 2 - 5, 3 - 4, 4 - 5, 5 - 4, 6 - 5, 7 - 3, 8 - 4

it(42);solutions 8
0.0 1.0 0.0 0.0 0.0 0.0 0.0 0.0 
0.0 0.0 0.0 0.0 0.0 0.0 0.0 0.0 
0.0 0.0 0.0 1.0 0.0 0.0 0.0 0.0 
0.0 0.0 0.0 0.0 0.0 0.0 0.0 0.0 
0.0 0.0 0.0 0.0 0.0 1.0 0.0 0.0 
0.0 0.0 0.0 0.0 0.0 0.0 0.0 0.0 
0.0 0.0 0.333 0.0 0.333 0.0 0.0 0.333 
0.0 0.0 0.0 0.5 0.0 0.5 0.0 0.0 


it(43) - gen - random - max - min(4, 3)

For each state, its fitness value
1 - 3, 2 - 4, 3 - 3, 4 - 4, 5 - 3, 6 - 4, 7 - 3, 8 - 4

it(43);solutions 8
0.0 1.0 0.0 0.0 0.0 0.0 0.0 0.0 
0.0 0.0 0.0 0.0 0.0 0.0 0.0 0.0 
0.0 0.0 0.0 1.0 0.0 0.0 0.0 0.0 
0.0 0.0 0.0 0.0 0.0 0.0 0.0 0.0 
0.0 0.0 0.0 0.0 0.0 1.0 0.0 0.0 
0.0 0.0 0.0 0.0 0.0 0.0 0.0 0.0 
0.0 0.0 0.0 0.0 0.0 0.0 0.0 1.0 
0.0 0.0 0.0 0.0 0.0 0.0 0.0 0.0 


it(44) - gen - random - max - min(4, 3)

For each state, its fitness value
1 - 3, 2 - 4, 3 - 4, 4 - 3, 5 - 3, 6 - 4, 7 - 3, 8 - 3

it(44);solutions 8
0.0 0.5 0.5 0.0 0.0 0.0 0.0 0.0 
0.0 0.0 0.0 0.0 0.0 0.0 0.0 0.0 
0.0 0.0 0.0 0.0 0.0 0.0 0.0 0.0 
0.0 0.5 0.5 0.0 0.0 0.0 0.0 0.0 
0.0 0.0 0.0 0.0 0.0 1.0 0.0 0.0 
0.0 0.0 0.0 0.0 0.0 0.0 0.0 0.0 
0.0 0.0 1.0 0.0 0.0 0.0 0.0 0.0 
0.0 0.0 0.0 0.0 0.0 1.0 0.0 0.0 


it(45) - gen - random - max - min(4, 3)

For each state, its fitness value
1 - 4, 2 - 3, 3 - 4, 4 - 3, 5 - 3, 6 - 4, 7 - 3, 8 - 4

it(45);solutions 8
0.0 0.0 0.0 0.0 0.0 0.0 0.0 0.0 
0.5 0.0 0.0 0.0 0.0 0.5 0.0 0.0 
0.0 0.0 0.0 0.0 0.0 0.0 0.0 0.0 
0.0 0.0 0.5 0.0 0.0 0.0 0.0 0.5 
0.5 0.0 0.0 0.0 0.0 0.5 0.0 0.0 
0.0 0.0 0.0 0.0 0.0 0.0 0.0 0.0 
0.0 0.0 0.5 0.0 0.0 0.0 0.0 0.5 
0.0 0.0 0.0 0.0 0.0 0.0 0.0 0.0 


it(46) - gen - random - max - min(3, 2)

For each state, its fitness value
1 - 3, 2 - 2, 3 - 2, 4 - 2, 5 - 2, 6 - 3, 7 - 3, 8 - 2

it(46);solutions 8
0.0 0.0 0.0 0.0 0.0 0.0 0.0 0.0 
0.5 0.0 0.0 0.0 0.0 0.5 0.0 0.0 
0.5 0.0 0.0 0.0 0.0 0.0 0.5 0.0 
0.0 0.333 0.333 0.0 0.0 0.0 0.0 0.333 
0.333 0.0 0.0 0.0 0.0 0.333 0.333 0.0 
0.0 0.0 0.0 0.0 0.0 0.0 0.0 0.0 
0.0 0.0 0.0 0.0 0.0 0.0 0.0 0.0 
0.0 0.0 0.0 0.0 0.0 0.5 0.5 0.0 


it(47) - gen - random - max - min(3, 1)

For each state, its fitness value
1 - 3, 2 - 2, 3 - 2, 4 - 2, 5 - 2, 6 - 3, 7 - 1, 8 - 2

it(47);solutions 8
0.0 0.0 0.0 0.0 0.0 0.0 0.0 0.0 
0.5 0.0 0.0 0.0 0.0 0.5 0.0 0.0 
1.0 0.0 0.0 0.0 0.0 0.0 0.0 0.0 
0.0 0.333 0.333 0.0 0.0 0.0 0.0 0.333 
0.5 0.0 0.0 0.0 0.0 0.5 0.0 0.0 
0.0 0.0 0.0 0.0 0.0 0.0 0.0 0.0 
0.0 0.0 0.333 0.0 0.333 0.0 0.0 0.333 
0.0 0.0 0.0 0.0 0.0 1.0 0.0 0.0 


it(48) - gen - random - max - min(4, 2)

For each state, its fitness value
1 - 2, 2 - 3, 3 - 2, 4 - 2, 5 - 3, 6 - 4, 7 - 2, 8 - 3

it(48);solutions 8
0.0 0.5 0.0 0.0 0.5 0.0 0.0 0.0 
0.0 0.0 0.0 0.0 0.0 1.0 0.0 0.0 
0.333 0.0 0.0 0.333 0.0 0.0 0.333 0.0 
0.0 0.5 0.0 0.0 0.0 0.0 0.0 0.5 
0.0 0.0 0.0 0.0 0.0 1.0 0.0 0.0 
0.0 0.0 0.0 0.0 0.0 0.0 0.0 0.0 
0.0 0.0 0.0 0.0 0.5 0.0 0.0 0.5 
0.0 0.0 0.0 0.0 0.0 1.0 0.0 0.0 


it(49) - gen - random - max - min(4, 2)

For each state, its fitness value
1 - 3, 2 - 3, 3 - 3, 4 - 3, 5 - 4, 6 - 3, 7 - 3, 8 - 2

it(49);solutions 8
0.0 0.0 0.0 0.0 1.0 0.0 0.0 0.0 
0.333 0.0 0.0 0.333 0.0 0.333 0.0 0.0 
0.333 0.0 0.0 0.333 0.0 0.0 0.333 0.0 
0.0 0.5 0.5 0.0 0.0 0.0 0.0 0.0 
0.0 0.0 0.0 0.0 0.0 0.0 0.0 0.0 
0.0 0.0 0.0 0.0 1.0 0.0 0.0 0.0 
0.0 0.0 0.0 0.0 1.0 0.0 0.0 0.0 
0.0 0.0 0.0 0.333 0.0 0.333 0.333 0.0 


it(50) - gen - random - max - min(3, 2)

For each state, its fitness value
1 - 3, 2 - 2, 3 - 3, 4 - 2, 5 - 3, 6 - 3, 7 - 3, 8 - 2

it(50);solutions 8
0.0 0.0 0.0 0.0 0.0 0.0 0.0 0.0 
0.5 0.0 0.0 0.0 0.0 0.5 0.0 0.0 
0.0 0.0 0.0 0.0 0.0 0.0 0.0 0.0 
0.0 0.0 1.0 0.0 0.0 0.0 0.0 0.0 
0.0 0.0 0.0 0.0 0.0 0.0 0.0 0.0 
0.0 0.0 0.0 0.0 0.0 0.0 0.0 0.0 
0.0 0.0 0.0 0.0 0.0 0.0 0.0 0.0 
0.0 0.0 0.0 0.0 0.0 0.5 0.5 0.0 


it(51) - gen - random - max - min(4, 2)

For each state, its fitness value
1 - 3, 2 - 2, 3 - 3, 4 - 2, 5 - 4, 6 - 3, 7 - 3, 8 - 2

it(51);solutions 8
0.0 0.0 0.0 0.0 1.0 0.0 0.0 0.0 
0.5 0.0 0.0 0.0 0.0 0.5 0.0 0.0 
0.5 0.0 0.0 0.0 0.0 0.0 0.5 0.0 
0.0 0.0 1.0 0.0 0.0 0.0 0.0 0.0 
0.0 0.0 0.0 0.0 0.0 0.0 0.0 0.0 
0.0 0.0 0.0 0.0 1.0 0.0 0.0 0.0 
0.0 0.0 0.0 0.0 1.0 0.0 0.0 0.0 
0.0 0.0 0.0 0.0 0.0 0.5 0.5 0.0 


it(52) - gen - random - max - min(3, 1)

For each state, its fitness value
1 - 2, 2 - 3, 3 - 1, 4 - 2, 5 - 2, 6 - 3, 7 - 2, 8 - 3

it(52);solutions 8
0.0 1.0 0.0 0.0 0.0 0.0 0.0 0.0 
0.0 0.0 0.0 0.0 0.0 0.0 0.0 0.0 
0.333 0.0 0.0 0.333 0.0 0.0 0.333 0.0 
0.0 0.5 0.0 0.0 0.0 0.0 0.0 0.5 
0.0 0.0 0.0 0.0 0.0 1.0 0.0 0.0 
0.0 0.0 0.0 0.0 0.0 0.0 0.0 0.0 
0.0 0.0 0.0 0.0 0.0 0.0 0.0 1.0 
0.0 0.0 0.0 0.0 0.0 0.0 0.0 0.0 


it(53) - gen - random - max - min(3, 1)

For each state, its fitness value
1 - 2, 2 - 2, 3 - 1, 4 - 2, 5 - 2, 6 - 3, 7 - 2, 8 - 3

it(53);solutions 8
0.0 0.5 0.0 0.0 0.5 0.0 0.0 0.0 
0.0 0.0 0.0 0.0 0.0 1.0 0.0 0.0 
0.333 0.0 0.0 0.333 0.0 0.0 0.333 0.0 
0.0 0.0 0.0 0.0 0.0 0.0 0.0 1.0 
0.0 0.0 0.0 0.0 0.0 1.0 0.0 0.0 
0.0 0.0 0.0 0.0 0.0 0.0 0.0 0.0 
0.0 0.0 0.0 0.0 0.0 0.0 0.0 1.0 
0.0 0.0 0.0 0.0 0.0 0.0 0.0 0.0 


it(54) - gen - random - max - min(5, 3)

For each state, its fitness value
1 - 4, 2 - 3, 3 - 5, 4 - 4, 5 - 4, 6 - 3, 7 - 4, 8 - 4

it(54);solutions 8
0.0 0.0 1.0 0.0 0.0 0.0 0.0 0.0 
0.5 0.0 0.0 0.5 0.0 0.0 0.0 0.0 
0.0 0.0 0.0 0.0 0.0 0.0 0.0 0.0 
0.0 0.0 1.0 0.0 0.0 0.0 0.0 0.0 
0.5 0.0 0.0 0.0 0.0 0.0 0.5 0.0 
0.0 0.0 0.0 0.0 0.5 0.0 0.0 0.5 
0.0 0.0 1.0 0.0 0.0 0.0 0.0 0.0 
0.0 0.0 0.0 0.5 0.0 0.0 0.5 0.0 


it(55) - gen - random - max - min(3, 1)

For each state, its fitness value
1 - 1, 2 - 2, 3 - 2, 4 - 3, 5 - 2, 6 - 3, 7 - 1, 8 - 2

it(55);solutions 8
0.0 0.333 0.333 0.0 0.333 0.0 0.0 0.0 
0.0 0.0 0.0 0.5 0.0 0.5 0.0 0.0 
0.0 0.0 0.0 1.0 0.0 0.0 0.0 0.0 
0.0 0.0 0.0 0.0 0.0 0.0 0.0 0.0 
0.0 0.0 0.0 0.0 0.0 1.0 0.0 0.0 
0.0 0.0 0.0 0.0 0.0 0.0 0.0 0.0 
0.0 0.0 0.333 0.0 0.333 0.0 0.0 0.333 
0.0 0.0 0.0 0.5 0.0 0.5 0.0 0.0 


it(56) - gen - random - max - min(4, 3)

For each state, its fitness value
1 - 4, 2 - 3, 3 - 3, 4 - 3, 5 - 3, 6 - 3, 7 - 4, 8 - 4

it(56);solutions 8
0.0 0.0 0.0 0.0 0.0 0.0 0.0 0.0 
1.0 0.0 0.0 0.0 0.0 0.0 0.0 0.0 
0.5 0.0 0.0 0.0 0.0 0.0 0.5 0.0 
0.0 0.0 0.0 0.0 0.0 0.0 0.0 1.0 
0.5 0.0 0.0 0.0 0.0 0.0 0.5 0.0 
0.0 0.0 0.0 0.0 0.0 0.0 0.0 1.0 
0.0 0.0 0.0 0.0 0.0 0.0 0.0 0.0 
0.0 0.0 0.0 0.0 0.0 0.0 0.0 0.0 


it(57) - gen - random - max - min(3, 1)

For each state, its fitness value
1 - 2, 2 - 1, 3 - 3, 4 - 2, 5 - 2, 6 - 2, 7 - 3, 8 - 2

it(57);solutions 8
0.0 0.0 1.0 0.0 0.0 0.0 0.0 0.0 
0.333 0.0 0.0 0.333 0.0 0.333 0.0 0.0 
0.0 0.0 0.0 0.0 0.0 0.0 0.0 0.0 
0.0 0.0 1.0 0.0 0.0 0.0 0.0 0.0 
0.0 0.0 0.0 0.0 0.0 0.0 1.0 0.0 
0.0 0.0 0.0 0.0 0.5 0.0 0.0 0.5 
0.0 0.0 0.0 0.0 0.0 0.0 0.0 0.0 
0.0 0.0 0.0 0.0 0.0 0.0 1.0 0.0 


it(58) - gen - random - max - min(5, 3)

For each state, its fitness value
1 - 4, 2 - 3, 3 - 4, 4 - 4, 5 - 3, 6 - 4, 7 - 4, 8 - 5

it(58);solutions 8
0.0 0.0 1.0 0.0 0.0 0.0 0.0 0.0 
0.333 0.0 0.0 0.333 0.0 0.333 0.0 0.0 
0.333 0.0 0.0 0.333 0.0 0.0 0.333 0.0 
0.0 0.0 0.0 0.0 0.0 0.0 0.0 1.0 
0.333 0.0 0.0 0.0 0.0 0.333 0.333 0.0 
0.0 0.0 0.0 0.0 0.0 0.0 0.0 1.0 
0.0 0.0 0.0 0.0 0.0 0.0 0.0 1.0 
0.0 0.0 0.0 0.0 0.0 0.0 0.0 0.0 


it(59) - gen - random - max - min(4, 2)

For each state, its fitness value
1 - 2, 2 - 3, 3 - 2, 4 - 3, 5 - 3, 6 - 4, 7 - 3, 8 - 4

it(59);solutions 8
0.0 0.5 0.0 0.0 0.5 0.0 0.0 0.0 
0.0 0.0 0.0 0.0 0.0 1.0 0.0 0.0 
0.0 0.0 0.0 0.5 0.0 0.0 0.5 0.0 
0.0 0.0 0.0 0.0 0.0 0.0 0.0 1.0 
0.0 0.0 0.0 0.0 0.0 1.0 0.0 0.0 
0.0 0.0 0.0 0.0 0.0 0.0 0.0 0.0 
0.0 0.0 0.0 0.0 0.0 0.0 0.0 1.0 
0.0 0.0 0.0 0.0 0.0 0.0 0.0 0.0 


it(60) - gen - random - max - min(3, 0)

For each state, its fitness value
1 - 3, 2 - 2, 3 - 2, 4 - 1, 5 - 2, 6 - 1, 7 - 1, 8 - 0

it(60);solutions 8
0.0 0.0 0.0 0.0 0.0 0.0 0.0 0.0 
1.0 0.0 0.0 0.0 0.0 0.0 0.0 0.0 
1.0 0.0 0.0 0.0 0.0 0.0 0.0 0.0 
0.0 0.5 0.5 0.0 0.0 0.0 0.0 0.0 
1.0 0.0 0.0 0.0 0.0 0.0 0.0 0.0 
0.0 0.5 0.0 0.0 0.5 0.0 0.0 0.0 
0.0 0.0 0.5 0.0 0.5 0.0 0.0 0.0 
0.0 0.0 0.0 0.333 0.0 0.333 0.333 0.0 


it(61) - gen - random - max - min(3, 2)

For each state, its fitness value
1 - 2, 2 - 2, 3 - 3, 4 - 3, 5 - 2, 6 - 3, 7 - 3, 8 - 3

it(61);solutions 8
0.0 0.0 1.0 0.0 0.0 0.0 0.0 0.0 
0.0 0.0 0.0 0.5 0.0 0.5 0.0 0.0 
0.0 0.0 0.0 0.0 0.0 0.0 0.0 0.0 
0.0 0.0 0.0 0.0 0.0 0.0 0.0 0.0 
0.0 0.0 0.0 0.0 0.0 0.5 0.5 0.0 
0.0 0.0 0.0 0.0 0.0 0.0 0.0 0.0 
0.0 0.0 0.0 0.0 0.0 0.0 0.0 0.0 
0.0 0.0 0.0 0.0 0.0 0.0 0.0 0.0 


it(62) - gen - random - max - min(3, 0)

For each state, its fitness value
1 - 1, 2 - 2, 3 - 2, 4 - 3, 5 - 0, 6 - 1, 7 - 1, 8 - 2

it(62);solutions 8
0.0 0.5 0.5 0.0 0.0 0.0 0.0 0.0 
0.0 0.0 0.0 1.0 0.0 0.0 0.0 0.0 
0.0 0.0 0.0 1.0 0.0 0.0 0.0 0.0 
0.0 0.0 0.0 0.0 0.0 0.0 0.0 0.0 
0.333 0.0 0.0 0.0 0.0 0.333 0.333 0.0 
0.0 0.5 0.0 0.0 0.0 0.0 0.0 0.5 
0.0 0.0 0.5 0.0 0.0 0.0 0.0 0.5 
0.0 0.0 0.0 1.0 0.0 0.0 0.0 0.0 


it(63) - gen - random - max - min(4, 2)

For each state, its fitness value
1 - 3, 2 - 3, 3 - 2, 4 - 2, 5 - 4, 6 - 3, 7 - 3, 8 - 3

it(63);solutions 8
0.0 0.0 0.0 0.0 1.0 0.0 0.0 0.0 
0.5 0.0 0.0 0.0 0.0 0.5 0.0 0.0 
0.5 0.0 0.0 0.0 0.0 0.0 0.5 0.0 
0.0 0.5 0.0 0.0 0.0 0.0 0.0 0.5 
0.0 0.0 0.0 0.0 0.0 0.0 0.0 0.0 
0.0 0.0 0.0 0.0 1.0 0.0 0.0 0.0 
0.0 0.0 0.0 0.0 1.0 0.0 0.0 0.0 
0.0 0.0 0.0 0.0 0.0 0.5 0.5 0.0 


it(64) - gen - random - max - min(6, 3)

For each state, its fitness value
1 - 4, 2 - 5, 3 - 5, 4 - 6, 5 - 3, 6 - 4, 7 - 4, 8 - 5

it(64);solutions 8
0.0 0.5 0.5 0.0 0.0 0.0 0.0 0.0 
0.0 0.0 0.0 1.0 0.0 0.0 0.0 0.0 
0.0 0.0 0.0 1.0 0.0 0.0 0.0 0.0 
0.0 0.0 0.0 0.0 0.0 0.0 0.0 0.0 
0.333 0.0 0.0 0.0 0.0 0.333 0.333 0.0 
0.0 0.5 0.0 0.0 0.0 0.0 0.0 0.5 
0.0 0.0 0.5 0.0 0.0 0.0 0.0 0.5 
0.0 0.0 0.0 1.0 0.0 0.0 0.0 0.0 


it(65) - gen - random - max - min(3, 1)

For each state, its fitness value
1 - 2, 2 - 2, 3 - 2, 4 - 1, 5 - 2, 6 - 2, 7 - 3, 8 - 2

it(65);solutions 8
0.0 0.333 0.333 0.0 0.333 0.0 0.0 0.0 
0.5 0.0 0.0 0.0 0.0 0.5 0.0 0.0 
0.0 0.0 0.0 0.0 0.0 0.0 1.0 0.0 
0.0 0.333 0.333 0.0 0.0 0.0 0.0 0.333 
0.0 0.0 0.0 0.0 0.0 0.0 1.0 0.0 
0.0 0.333 0.0 0.0 0.333 0.0 0.0 0.333 
0.0 0.0 0.0 0.0 0.0 0.0 0.0 0.0 
0.0 0.0 0.0 0.0 0.0 0.0 1.0 0.0 


it(66) - gen - random - max - min(3, 1)

For each state, its fitness value
1 - 2, 2 - 2, 3 - 3, 4 - 3, 5 - 1, 6 - 1, 7 - 2, 8 - 2

it(66);solutions 8
0.0 0.0 1.0 0.0 0.0 0.0 0.0 0.0 
0.0 0.0 0.0 1.0 0.0 0.0 0.0 0.0 
0.0 0.0 0.0 0.0 0.0 0.0 0.0 0.0 
0.0 0.0 0.0 0.0 0.0 0.0 0.0 0.0 
0.5 0.0 0.0 0.0 0.0 0.0 0.5 0.0 
0.0 0.5 0.0 0.0 0.0 0.0 0.0 0.5 
0.0 0.0 1.0 0.0 0.0 0.0 0.0 0.0 
0.0 0.0 0.0 1.0 0.0 0.0 0.0 0.0 


it(67) - gen - random - max - min(3, 1)

For each state, its fitness value
1 - 3, 2 - 3, 3 - 3, 4 - 2, 5 - 2, 6 - 2, 7 - 2, 8 - 1

it(67);solutions 8
0.0 0.0 0.0 0.0 0.0 0.0 0.0 0.0 
0.0 0.0 0.0 0.0 0.0 0.0 0.0 0.0 
0.0 0.0 0.0 0.0 0.0 0.0 0.0 0.0 
0.0 0.5 0.5 0.0 0.0 0.0 0.0 0.0 
1.0 0.0 0.0 0.0 0.0 0.0 0.0 0.0 
0.0 1.0 0.0 0.0 0.0 0.0 0.0 0.0 
0.0 0.0 1.0 0.0 0.0 0.0 0.0 0.0 
0.0 0.0 0.0 0.333 0.0 0.333 0.333 0.0 


it(68) - gen - random - max - min(4, 2)

For each state, its fitness value
1 - 2, 2 - 3, 3 - 2, 4 - 3, 5 - 3, 6 - 4, 7 - 3, 8 - 3

it(68);solutions 8
0.0 0.5 0.0 0.0 0.5 0.0 0.0 0.0 
0.0 0.0 0.0 0.0 0.0 1.0 0.0 0.0 
0.0 0.0 0.0 0.5 0.0 0.0 0.5 0.0 
0.0 0.5 0.0 0.0 0.0 0.0 0.0 0.5 
0.0 0.0 0.0 0.0 0.0 1.0 0.0 0.0 
0.0 0.0 0.0 0.0 0.0 0.0 0.0 0.0 
0.0 0.0 0.0 0.0 0.5 0.0 0.0 0.5 
0.0 0.0 0.0 0.0 0.0 1.0 0.0 0.0 


it(69) - gen - random - max - min(4, 2)

For each state, its fitness value
1 - 2, 2 - 3, 3 - 3, 4 - 4, 5 - 3, 6 - 3, 7 - 3, 8 - 3

it(69);solutions 8
0.0 0.333 0.333 0.0 0.333 0.0 0.0 0.0 
0.0 0.0 0.0 1.0 0.0 0.0 0.0 0.0 
0.0 0.0 0.0 1.0 0.0 0.0 0.0 0.0 
0.0 0.0 0.0 0.0 0.0 0.0 0.0 0.0 
0.0 0.0 0.0 0.0 0.0 0.5 0.5 0.0 
0.0 0.333 0.0 0.0 0.333 0.0 0.0 0.333 
0.0 0.0 0.333 0.0 0.333 0.0 0.0 0.333 
0.0 0.0 0.0 1.0 0.0 0.0 0.0 0.0 


it(70) - gen - random - max - min(5, 3)

For each state, its fitness value
1 - 4, 2 - 5, 3 - 3, 4 - 4, 5 - 3, 6 - 4, 7 - 3, 8 - 3

it(70);solutions 8
0.0 1.0 0.0 0.0 0.0 0.0 0.0 0.0 
0.0 0.0 0.0 0.0 0.0 0.0 0.0 0.0 
0.5 0.0 0.0 0.5 0.0 0.0 0.0 0.0 
0.0 1.0 0.0 0.0 0.0 0.0 0.0 0.0 
0.5 0.0 0.0 0.0 0.0 0.5 0.0 0.0 
0.0 1.0 0.0 0.0 0.0 0.0 0.0 0.0 
0.0 0.0 0.333 0.0 0.333 0.0 0.0 0.333 
0.0 0.0 0.0 0.5 0.0 0.5 0.0 0.0 


it(71) - gen - random - max - min(5, 3)

For each state, its fitness value
1 - 4, 2 - 4, 3 - 5, 4 - 4, 5 - 4, 6 - 3, 7 - 5, 8 - 4

it(71);solutions 8
0.0 0.0 1.0 0.0 0.0 0.0 0.0 0.0 
0.5 0.0 0.0 0.5 0.0 0.0 0.0 0.0 
0.0 0.0 0.0 0.0 0.0 0.0 0.0 0.0 
0.0 0.0 1.0 0.0 0.0 0.0 0.0 0.0 
0.0 0.0 0.0 0.0 0.0 0.0 1.0 0.0 
0.0 0.333 0.0 0.0 0.333 0.0 0.0 0.333 
0.0 0.0 0.0 0.0 0.0 0.0 0.0 0.0 
0.0 0.0 0.0 0.0 0.0 0.0 1.0 0.0 


it(72) - gen - random - max - min(4, 3)

For each state, its fitness value
1 - 4, 2 - 4, 3 - 3, 4 - 3, 5 - 3, 6 - 4, 7 - 3, 8 - 4

it(72);solutions 8
0.0 0.0 0.0 0.0 0.0 0.0 0.0 0.0 
0.0 0.0 0.0 0.0 0.0 0.0 0.0 0.0 
1.0 0.0 0.0 0.0 0.0 0.0 0.0 0.0 
0.0 0.5 0.0 0.0 0.0 0.0 0.0 0.5 
0.5 0.0 0.0 0.0 0.0 0.5 0.0 0.0 
0.0 0.0 0.0 0.0 0.0 0.0 0.0 0.0 
0.0 0.0 0.0 0.0 0.0 0.0 0.0 1.0 
0.0 0.0 0.0 0.0 0.0 0.0 0.0 0.0 


it(73) - gen - random - max - min(4, 2)

For each state, its fitness value
1 - 3, 2 - 4, 3 - 4, 4 - 3, 5 - 2, 6 - 3, 7 - 3, 8 - 3

it(73);solutions 8
0.0 0.5 0.5 0.0 0.0 0.0 0.0 0.0 
0.0 0.0 0.0 0.0 0.0 0.0 0.0 0.0 
0.0 0.0 0.0 0.0 0.0 0.0 0.0 0.0 
0.0 0.5 0.5 0.0 0.0 0.0 0.0 0.0 
0.333 0.0 0.0 0.0 0.0 0.333 0.333 0.0 
0.0 1.0 0.0 0.0 0.0 0.0 0.0 0.0 
0.0 0.0 1.0 0.0 0.0 0.0 0.0 0.0 
0.0 0.0 0.0 0.333 0.0 0.333 0.333 0.0 


it(74) - gen - random - max - min(3, 2)

For each state, its fitness value
1 - 2, 2 - 3, 3 - 2, 4 - 3, 5 - 2, 6 - 2, 7 - 3, 8 - 2

it(74);solutions 8
0.0 1.0 0.0 0.0 0.0 0.0 0.0 0.0 
0.0 0.0 0.0 0.0 0.0 0.0 0.0 0.0 
0.0 0.0 0.0 0.5 0.0 0.0 0.5 0.0 
0.0 0.0 0.0 0.0 0.0 0.0 0.0 0.0 
0.0 0.0 0.0 0.0 0.0 0.0 1.0 0.0 
0.0 1.0 0.0 0.0 0.0 0.0 0.0 0.0 
0.0 0.0 0.0 0.0 0.0 0.0 0.0 0.0 
0.0 0.0 0.0 0.5 0.0 0.0 0.5 0.0 


it(75) - gen - random - max - min(4, 3)

For each state, its fitness value
1 - 4, 2 - 3, 3 - 3, 4 - 4, 5 - 3, 6 - 3, 7 - 3, 8 - 3

it(75);solutions 8
0.0 0.0 0.0 0.0 0.0 0.0 0.0 0.0 
0.5 0.0 0.0 0.5 0.0 0.0 0.0 0.0 
0.5 0.0 0.0 0.5 0.0 0.0 0.0 0.0 
0.0 0.0 0.0 0.0 0.0 0.0 0.0 0.0 
1.0 0.0 0.0 0.0 0.0 0.0 0.0 0.0 
0.0 0.333 0.0 0.0 0.333 0.0 0.0 0.333 
0.0 0.0 0.333 0.0 0.333 0.0 0.0 0.333 
0.0 0.0 0.0 1.0 0.0 0.0 0.0 0.0 


it(76) - gen - random - max - min(3, 1)

For each state, its fitness value
1 - 1, 2 - 2, 3 - 1, 4 - 2, 5 - 2, 6 - 3, 7 - 2, 8 - 3

it(76);solutions 8
0.0 0.5 0.0 0.0 0.5 0.0 0.0 0.0 
0.0 0.0 0.0 0.0 0.0 1.0 0.0 0.0 
0.0 0.0 0.0 0.5 0.0 0.0 0.5 0.0 
0.0 0.0 0.0 0.0 0.0 0.0 0.0 1.0 
0.0 0.0 0.0 0.0 0.0 1.0 0.0 0.0 
0.0 0.0 0.0 0.0 0.0 0.0 0.0 0.0 
0.0 0.0 0.0 0.0 0.0 0.0 0.0 1.0 
0.0 0.0 0.0 0.0 0.0 0.0 0.0 0.0 


it(77) - gen - random - max - min(5, 3)

For each state, its fitness value
1 - 4, 2 - 3, 3 - 5, 4 - 4, 5 - 3, 6 - 3, 7 - 4, 8 - 3

it(77);solutions 8
0.0 0.0 1.0 0.0 0.0 0.0 0.0 0.0 
0.5 0.0 0.0 0.5 0.0 0.0 0.0 0.0 
0.0 0.0 0.0 0.0 0.0 0.0 0.0 0.0 
0.0 0.0 1.0 0.0 0.0 0.0 0.0 0.0 
0.5 0.0 0.0 0.0 0.0 0.0 0.5 0.0 
0.0 0.333 0.0 0.0 0.333 0.0 0.0 0.333 
0.0 0.0 1.0 0.0 0.0 0.0 0.0 0.0 
0.0 0.0 0.0 0.5 0.0 0.0 0.5 0.0 


it(78) - gen - random - max - min(3, 0)

For each state, its fitness value
1 - 2, 2 - 3, 3 - 1, 4 - 2, 5 - 1, 6 - 2, 7 - 0, 8 - 1

it(78);solutions 8
0.0 1.0 0.0 0.0 0.0 0.0 0.0 0.0 
0.0 0.0 0.0 0.0 0.0 0.0 0.0 0.0 
0.5 0.0 0.0 0.5 0.0 0.0 0.0 0.0 
0.0 1.0 0.0 0.0 0.0 0.0 0.0 0.0 
0.5 0.0 0.0 0.0 0.0 0.5 0.0 0.0 
0.0 1.0 0.0 0.0 0.0 0.0 0.0 0.0 
0.0 0.0 0.333 0.0 0.333 0.0 0.0 0.333 
0.0 0.0 0.0 0.5 0.0 0.5 0.0 0.0 


it(79) - gen - random - max - min(4, 3)

For each state, its fitness value
1 - 4, 2 - 4, 3 - 3, 4 - 3, 5 - 3, 6 - 4, 7 - 3, 8 - 4

it(79);solutions 8
0.0 0.0 0.0 0.0 0.0 0.0 0.0 0.0 
0.0 0.0 0.0 0.0 0.0 0.0 0.0 0.0 
1.0 0.0 0.0 0.0 0.0 0.0 0.0 0.0 
0.0 0.5 0.0 0.0 0.0 0.0 0.0 0.5 
0.5 0.0 0.0 0.0 0.0 0.5 0.0 0.0 
0.0 0.0 0.0 0.0 0.0 0.0 0.0 0.0 
0.0 0.0 0.0 0.0 0.0 0.0 0.0 1.0 
0.0 0.0 0.0 0.0 0.0 0.0 0.0 0.0 


it(80) - gen - random - max - min(4, 2)

For each state, its fitness value
1 - 3, 2 - 2, 3 - 4, 4 - 3, 5 - 3, 6 - 2, 7 - 3, 8 - 2

it(80);solutions 8
0.0 0.0 1.0 0.0 0.0 0.0 0.0 0.0 
0.5 0.0 0.0 0.5 0.0 0.0 0.0 0.0 
0.0 0.0 0.0 0.0 0.0 0.0 0.0 0.0 
0.0 0.0 1.0 0.0 0.0 0.0 0.0 0.0 
0.5 0.0 0.0 0.0 0.0 0.0 0.5 0.0 
0.0 0.0 0.0 0.0 1.0 0.0 0.0 0.0 
0.0 0.0 1.0 0.0 0.0 0.0 0.0 0.0 
0.0 0.0 0.0 0.5 0.0 0.0 0.5 0.0 


it(81) - gen - random - max - min(4, 2)

For each state, its fitness value
1 - 3, 2 - 2, 3 - 4, 4 - 3, 5 - 4, 6 - 3, 7 - 4, 8 - 3

it(81);solutions 8
0.0 0.0 0.5 0.0 0.5 0.0 0.0 0.0 
0.333 0.0 0.0 0.333 0.0 0.333 0.0 0.0 
0.0 0.0 0.0 0.0 0.0 0.0 0.0 0.0 
0.0 0.0 1.0 0.0 0.0 0.0 0.0 0.0 
0.0 0.0 0.0 0.0 0.0 0.0 0.0 0.0 
0.0 0.0 0.0 0.0 1.0 0.0 0.0 0.0 
0.0 0.0 0.0 0.0 0.0 0.0 0.0 0.0 
0.0 0.0 0.0 0.0 0.0 0.0 1.0 0.0 


it(82) - gen - random - max - min(4, 2)

For each state, its fitness value
1 - 3, 2 - 3, 3 - 2, 4 - 2, 5 - 4, 6 - 4, 7 - 3, 8 - 3

it(82);solutions 8
0.0 0.0 0.0 0.0 1.0 0.0 0.0 0.0 
0.0 0.0 0.0 0.0 0.0 1.0 0.0 0.0 
0.5 0.0 0.0 0.0 0.0 0.0 0.5 0.0 
0.0 0.5 0.0 0.0 0.0 0.0 0.0 0.5 
0.0 0.0 0.0 0.0 0.0 0.0 0.0 0.0 
0.0 0.0 0.0 0.0 0.0 0.0 0.0 0.0 
0.0 0.0 0.0 0.0 1.0 0.0 0.0 0.0 
0.0 0.0 0.0 0.0 0.0 1.0 0.0 0.0 


it(83) - gen - random - max - min(5, 3)

For each state, its fitness value
1 - 5, 2 - 4, 3 - 4, 4 - 4, 5 - 5, 6 - 4, 7 - 4, 8 - 3

it(83);solutions 8
0.0 0.0 0.0 0.0 0.0 0.0 0.0 0.0 
1.0 0.0 0.0 0.0 0.0 0.0 0.0 0.0 
1.0 0.0 0.0 0.0 0.0 0.0 0.0 0.0 
0.0 0.5 0.5 0.0 0.0 0.0 0.0 0.0 
0.0 0.0 0.0 0.0 0.0 0.0 0.0 0.0 
0.0 0.0 0.0 0.0 1.0 0.0 0.0 0.0 
0.0 0.0 0.0 0.0 1.0 0.0 0.0 0.0 
0.0 0.0 0.0 0.333 0.0 0.333 0.333 0.0 


it(84) - gen - random - max - min(4, 3)

For each state, its fitness value
1 - 4, 2 - 3, 3 - 4, 4 - 3, 5 - 3, 6 - 4, 7 - 3, 8 - 3

it(84);solutions 8
0.0 0.0 0.0 0.0 0.0 0.0 0.0 0.0 
0.5 0.0 0.0 0.0 0.0 0.5 0.0 0.0 
0.0 0.0 0.0 0.0 0.0 0.0 0.0 0.0 
0.0 0.0 1.0 0.0 0.0 0.0 0.0 0.0 
0.5 0.0 0.0 0.0 0.0 0.5 0.0 0.0 
0.0 0.0 0.0 0.0 0.0 0.0 0.0 0.0 
0.0 0.0 1.0 0.0 0.0 0.0 0.0 0.0 
0.0 0.0 0.0 0.0 0.0 1.0 0.0 0.0 


it(85) - gen - random - max - min(4, 2)

For each state, its fitness value
1 - 4, 2 - 3, 3 - 3, 4 - 3, 5 - 4, 6 - 3, 7 - 3, 8 - 2

it(85);solutions 8
0.0 0.0 0.0 0.0 0.0 0.0 0.0 0.0 
1.0 0.0 0.0 0.0 0.0 0.0 0.0 0.0 
1.0 0.0 0.0 0.0 0.0 0.0 0.0 0.0 
0.0 0.5 0.5 0.0 0.0 0.0 0.0 0.0 
0.0 0.0 0.0 0.0 0.0 0.0 0.0 0.0 
0.0 0.0 0.0 0.0 1.0 0.0 0.0 0.0 
0.0 0.0 0.0 0.0 1.0 0.0 0.0 0.0 
0.0 0.0 0.0 0.333 0.0 0.333 0.333 0.0 


it(86) - gen - random - max - min(3, 2)

For each state, its fitness value
1 - 3, 2 - 3, 3 - 3, 4 - 2, 5 - 2, 6 - 3, 7 - 3, 8 - 2

it(86);solutions 8
0.0 0.0 0.0 0.0 0.0 0.0 0.0 0.0 
0.0 0.0 0.0 0.0 0.0 0.0 0.0 0.0 
0.0 0.0 0.0 0.0 0.0 0.0 0.0 0.0 
0.0 0.5 0.5 0.0 0.0 0.0 0.0 0.0 
0.333 0.0 0.0 0.0 0.0 0.333 0.333 0.0 
0.0 0.0 0.0 0.0 0.0 0.0 0.0 0.0 
0.0 0.0 0.0 0.0 0.0 0.0 0.0 0.0 
0.0 0.0 0.0 0.0 0.0 0.5 0.5 0.0 


it(87) - gen - random - max - min(3, 1)

For each state, its fitness value
1 - 3, 2 - 3, 3 - 2, 4 - 2, 5 - 2, 6 - 2, 7 - 1, 8 - 2

it(87);solutions 8
0.0 0.0 0.0 0.0 0.0 0.0 0.0 0.0 
0.0 0.0 0.0 0.0 0.0 0.0 0.0 0.0 
1.0 0.0 0.0 0.0 0.0 0.0 0.0 0.0 
0.0 1.0 0.0 0.0 0.0 0.0 0.0 0.0 
1.0 0.0 0.0 0.0 0.0 0.0 0.0 0.0 
0.0 1.0 0.0 0.0 0.0 0.0 0.0 0.0 
0.0 0.0 0.333 0.0 0.333 0.0 0.0 0.333 
0.0 0.0 0.0 0.5 0.0 0.5 0.0 0.0 


it(88) - gen - random - max - min(3, 2)

For each state, its fitness value
1 - 2, 2 - 2, 3 - 3, 4 - 3, 5 - 2, 6 - 3, 7 - 2, 8 - 2

it(88);solutions 8
0.0 0.0 1.0 0.0 0.0 0.0 0.0 0.0 
0.0 0.0 0.0 0.5 0.0 0.5 0.0 0.0 
0.0 0.0 0.0 0.0 0.0 0.0 0.0 0.0 
0.0 0.0 0.0 0.0 0.0 0.0 0.0 0.0 
0.0 0.0 0.0 0.0 0.0 1.0 0.0 0.0 
0.0 0.0 0.0 0.0 0.0 0.0 0.0 0.0 
0.0 0.0 1.0 0.0 0.0 0.0 0.0 0.0 
0.0 0.0 0.0 0.5 0.0 0.5 0.0 0.0 


it(89) - gen - random - max - min(3, 1)

For each state, its fitness value
1 - 2, 2 - 2, 3 - 2, 4 - 3, 5 - 1, 6 - 1, 7 - 2, 8 - 2

it(89);solutions 8
0.0 0.5 0.5 0.0 0.0 0.0 0.0 0.0 
0.0 0.0 0.0 1.0 0.0 0.0 0.0 0.0 
0.0 0.0 0.0 1.0 0.0 0.0 0.0 0.0 
0.0 0.0 0.0 0.0 0.0 0.0 0.0 0.0 
0.5 0.0 0.0 0.0 0.0 0.0 0.5 0.0 
0.0 0.5 0.0 0.0 0.0 0.0 0.0 0.5 
0.0 0.0 0.5 0.0 0.0 0.0 0.0 0.5 
0.0 0.0 0.0 1.0 0.0 0.0 0.0 0.0 


it(90) - gen - random - max - min(5, 3)

For each state, its fitness value
1 - 4, 2 - 4, 3 - 4, 4 - 3, 5 - 5, 6 - 5, 7 - 4, 8 - 4

it(90);solutions 8
0.0 0.0 0.0 0.0 1.0 0.0 0.0 0.0 
0.0 0.0 0.0 0.0 0.0 1.0 0.0 0.0 
0.5 0.0 0.0 0.0 0.0 0.0 0.5 0.0 
0.0 0.333 0.333 0.0 0.0 0.0 0.0 0.333 
0.0 0.0 0.0 0.0 0.0 0.0 0.0 0.0 
0.0 0.0 0.0 0.0 0.0 0.0 0.0 0.0 
0.0 0.0 0.0 0.0 1.0 0.0 0.0 0.0 
0.0 0.0 0.0 0.0 0.0 1.0 0.0 0.0 


it(91) - gen - random - max - min(4, 2)

For each state, its fitness value
1 - 3, 2 - 3, 3 - 4, 4 - 3, 5 - 3, 6 - 2, 7 - 3, 8 - 3

it(91);solutions 8
0.0 0.0 1.0 0.0 0.0 0.0 0.0 0.0 
0.5 0.0 0.0 0.5 0.0 0.0 0.0 0.0 
0.0 0.0 0.0 0.0 0.0 0.0 0.0 0.0 
0.0 0.0 1.0 0.0 0.0 0.0 0.0 0.0 
0.5 0.0 0.0 0.0 0.0 0.0 0.5 0.0 
0.0 0.333 0.0 0.0 0.333 0.0 0.0 0.333 
0.0 0.0 1.0 0.0 0.0 0.0 0.0 0.0 
0.0 0.0 0.0 0.5 0.0 0.0 0.5 0.0 


it(92) - gen - random - max - min(3, 1)

For each state, its fitness value
1 - 2, 2 - 1, 3 - 2, 4 - 1, 5 - 3, 6 - 2, 7 - 2, 8 - 2

it(92);solutions 8
0.0 0.0 0.0 0.0 1.0 0.0 0.0 0.0 
0.5 0.0 0.0 0.0 0.0 0.5 0.0 0.0 
0.5 0.0 0.0 0.0 0.0 0.0 0.5 0.0 
0.0 0.0 0.5 0.0 0.0 0.0 0.0 0.5 
0.0 0.0 0.0 0.0 0.0 0.0 0.0 0.0 
0.0 0.0 0.0 0.0 1.0 0.0 0.0 0.0 
0.0 0.0 0.0 0.0 1.0 0.0 0.0 0.0 
0.0 0.0 0.0 0.0 0.0 0.5 0.5 0.0 


it(93) - gen - random - max - min(5, 3)

For each state, its fitness value
1 - 4, 2 - 3, 3 - 3, 4 - 4, 5 - 5, 6 - 4, 7 - 4, 8 - 5

it(93);solutions 8
0.0 0.0 0.0 0.0 1.0 0.0 0.0 0.0 
0.333 0.0 0.0 0.333 0.0 0.333 0.0 0.0 
0.333 0.0 0.0 0.333 0.0 0.0 0.333 0.0 
0.0 0.0 0.0 0.0 0.0 0.0 0.0 1.0 
0.0 0.0 0.0 0.0 0.0 0.0 0.0 0.0 
0.0 0.0 0.0 0.0 0.5 0.0 0.0 0.5 
0.0 0.0 0.0 0.0 0.5 0.0 0.0 0.5 
0.0 0.0 0.0 0.0 0.0 0.0 0.0 0.0 


it(94) - gen - random - max - min(5, 3)

For each state, its fitness value
1 - 3, 2 - 4, 3 - 3, 4 - 4, 5 - 4, 6 - 5, 7 - 3, 8 - 4

it(94);solutions 8
0.0 0.5 0.0 0.0 0.5 0.0 0.0 0.0 
0.0 0.0 0.0 0.0 0.0 1.0 0.0 0.0 
0.0 0.0 0.0 1.0 0.0 0.0 0.0 0.0 
0.0 0.5 0.0 0.0 0.0 0.0 0.0 0.5 
0.0 0.0 0.0 0.0 0.0 1.0 0.0 0.0 
0.0 0.0 0.0 0.0 0.0 0.0 0.0 0.0 
0.0 0.0 0.0 0.0 0.5 0.0 0.0 0.5 
0.0 0.0 0.0 0.0 0.0 1.0 0.0 0.0 


it(95) - gen - random - max - min(3, 0)

For each state, its fitness value
1 - 2, 2 - 1, 3 - 3, 4 - 2, 5 - 1, 6 - 0, 7 - 2, 8 - 1

it(95);solutions 8
0.0 0.0 1.0 0.0 0.0 0.0 0.0 0.0 
0.5 0.0 0.0 0.5 0.0 0.0 0.0 0.0 
0.0 0.0 0.0 0.0 0.0 0.0 0.0 0.0 
0.0 0.0 1.0 0.0 0.0 0.0 0.0 0.0 
0.5 0.0 0.0 0.0 0.0 0.0 0.5 0.0 
0.0 0.333 0.0 0.0 0.333 0.0 0.0 0.333 
0.0 0.0 1.0 0.0 0.0 0.0 0.0 0.0 
0.0 0.0 0.0 0.5 0.0 0.0 0.5 0.0 


it(96) - gen - random - max - min(3, 2)

For each state, its fitness value
1 - 2, 2 - 3, 3 - 2, 4 - 3, 5 - 3, 6 - 2, 7 - 3, 8 - 2

it(96);solutions 8
0.0 0.5 0.0 0.0 0.5 0.0 0.0 0.0 
0.0 0.0 0.0 0.0 0.0 0.0 0.0 0.0 
0.0 0.0 0.0 0.5 0.0 0.0 0.5 0.0 
0.0 0.0 0.0 0.0 0.0 0.0 0.0 0.0 
0.0 0.0 0.0 0.0 0.0 0.0 0.0 0.0 
0.0 0.5 0.0 0.0 0.5 0.0 0.0 0.0 
0.0 0.0 0.0 0.0 0.0 0.0 0.0 0.0 
0.0 0.0 0.0 0.5 0.0 0.0 0.5 0.0 


it(97) - gen - random - max - min(4, 3)

For each state, its fitness value
1 - 4, 2 - 3, 3 - 4, 4 - 3, 5 - 3, 6 - 3, 7 - 4, 8 - 4

it(97);solutions 8
0.0 0.0 0.0 0.0 0.0 0.0 0.0 0.0 
1.0 0.0 0.0 0.0 0.0 0.0 0.0 0.0 
0.0 0.0 0.0 0.0 0.0 0.0 0.0 0.0 
0.0 0.0 0.5 0.0 0.0 0.0 0.0 0.5 
0.5 0.0 0.0 0.0 0.0 0.0 0.5 0.0 
0.0 0.0 0.0 0.0 0.0 0.0 0.0 1.0 
0.0 0.0 0.0 0.0 0.0 0.0 0.0 0.0 
0.0 0.0 0.0 0.0 0.0 0.0 0.0 0.0 


it(98) - gen - random - max - min(4, 2)

For each state, its fitness value
1 - 4, 2 - 3, 3 - 4, 4 - 4, 5 - 3, 6 - 2, 7 - 3, 8 - 3

it(98);solutions 8
0.0 0.0 0.0 0.0 0.0 0.0 0.0 0.0 
0.5 0.0 0.0 0.5 0.0 0.0 0.0 0.0 
0.0 0.0 0.0 0.0 0.0 0.0 0.0 0.0 
0.0 0.0 0.0 0.0 0.0 0.0 0.0 0.0 
1.0 0.0 0.0 0.0 0.0 0.0 0.0 0.0 
0.0 0.333 0.0 0.0 0.333 0.0 0.0 0.333 
0.0 0.0 1.0 0.0 0.0 0.0 0.0 0.0 
0.0 0.0 0.0 1.0 0.0 0.0 0.0 0.0 


it(99) - gen - random - max - min(5, 2)

For each state, its fitness value
1 - 3, 2 - 2, 3 - 4, 4 - 3, 5 - 4, 6 - 3, 7 - 5, 8 - 4

it(99);solutions 8
0.0 0.0 0.5 0.0 0.5 0.0 0.0 0.0 
0.333 0.0 0.0 0.333 0.0 0.333 0.0 0.0 
0.0 0.0 0.0 0.0 0.0 0.0 1.0 0.0 
0.0 0.0 0.5 0.0 0.0 0.0 0.0 0.5 
0.0 0.0 0.0 0.0 0.0 0.0 1.0 0.0 
0.0 0.0 0.0 0.0 0.5 0.0 0.0 0.5 
0.0 0.0 0.0 0.0 0.0 0.0 0.0 0.0 
0.0 0.0 0.0 0.0 0.0 0.0 1.0 0.0 

